Alternierende Gruppen 
AlternatingGroup( [ 1 .. 5 ] ) 60  Alt(5) 
AlternatingGroup( [ 1 .. 6 ] ) 360  Alt(6) 
AlternatingGroup( [ 1 .. 7 ] ) 2520  Alt(7) 

Projektive spezielle lineare Gruppen  PSL(2,q) 
AlternatingGroup( [ 1 .. 5 ] ) 60 PSL(2,4) 
Group( [ (3,5)(4,6), (1,2,5)(3,4,6) ] ) 60 PSL(2,5) 
Group( [ (3,7,5)(4,8,6), (1,2,6)(3,4,8) ] ) 168 PSL(2,7) 
Group( [ (3,8,6,4,9,7,5), (1,2,3)(4,7,5)(6,9,8) ] ) 504 PSL(2,8) 
Group( [ ( 3, 9, 4, 6)( 5,10, 8, 7), ( 1, 2, 4)( 5, 6, 8)( 7, 9,10) ] ) 360 PSL(2,9) 
Group( [ ( 3,11, 9, 7, 5)( 4,12,10, 8, 6), ( 1, 2, 8)( 3, 7, 9)( 4,10, 5)( 6,12,11) ] ) 660 PSL(2,11) 
Group( [ ( 3,13,11, 9, 7, 5)( 4,14,12,10, 8, 6), ( 1, 2, 9)( 3, 8,10)( 4, 5,12)( 6,13,14) ] ) 1092 PSL(2,13) 
Group( [ ( 3,16,14,13,11, 4, 8, 6,17,15, 5,12,10, 9, 7), ( 1, 2, 3)( 6,14, 8)( 7,11,10)( 9,17,15)(12,16,13) ] ) 4080 PSL(2,16) 
Group( [ ( 3,17,15,13,11, 9, 7, 5)( 4,18,16,14,12,10, 8, 6), ( 1, 2,11)( 3,13, 9)( 4,15, 6)( 5, 8,12)( 7,18,16)(10,14,17) ] ) 2448 PSL(2,17) 
Group( [ ( 3,19,17,15,13,11, 9, 7, 5)( 4,20,18,16,14,12,10, 8, 6), ( 1, 2,12)( 3,11,13)( 4,17, 6)( 5,14, 8)( 7,20,18)(10,19,16) ] ) 3420 PSL(2,19) 
Group( [ ( 3,23,21,19,17,15,13,11, 9, 7, 5)( 4,24,22,20,18,16,14,12,10, 8, 6), ( 1, 2,14)( 3,12,16)( 4,18, 9)( 5,20, 6)( 7,13,11)( 8,23,22)(10,24,19)
    (15,21,17) ] ) 6072 PSL(2,23) 
Group( [ ( 3,25,23, 6,20,18, 5,15,13, 4,10, 8)( 7,26,24,22,21,19,17,16,14,12,11, 9), ( 1, 2, 5)( 3, 4, 6)( 7,18,14)( 8,22, 9)(10,17,12)(11,25,24)
    (15,26,19)(16,23,21) ] ) 7800 PSL(2,25) 
Group( [ ( 3,27,25,23,21,19,17,16,14,12,10, 8, 6)( 4,15,13,11, 9, 7, 5,28,26,24,22,20,18), ( 1, 2, 4)( 5, 8,24)( 6,21,10)( 7,16,15)( 9,25,28)(11,13,14)
    (12,27,23)(17,26,18)(19,20,22) ] ) 9828 PSL(2,27) 

Projektive spezielle lineare Gruppe  PSL(3,3) 
Group( [ ( 5, 8,11)( 6, 9,12)( 7,10,13), ( 1, 2, 5)( 3, 8, 7)( 4,11, 6)( 9,10,13) ] ) 5616 PSL(3,3) 

Projektive spezielle unitaere Gruppe  PSU(3,3) 
Group( [ ( 3, 7, 9, 5, 4,10, 6, 8)(12,13)(14,17)(15,18)(16,19)(20,38,47,56,29,65,74,83)(21,40,48,58,30,67,75,85)(22,39,49,57,31,66,76,84)(23,44,50,62,32,
     71,77,89)(24,45,51,63,33,72,78,90)(25,46,52,64,34,73,79,91)(26,41,53,59,35,68,80,86)(27,42,54,60,36,69,81,87)(28,43,55,61,37,70,82,88), 
  ( 1,11,88,40,86,53,85,37)( 2,20,51,79,60,46,24, 3)( 4,29,17,64,27,81,34,14)( 5,65)( 6,56,76,10,47,32,12,44)( 7,83,63,89,66,84,77,90)( 8,74,39,36,19,22,
     71,52)( 9,38,73,23,31,16,54,57)(13,78,50,69,72,42,62,33)(15,30)(18,68,82,28,21,61,70,35)(25,91)(26,41,43,75,67,58,48,55)(45,49) ] ) 6048 PSU(3,3) 

Mathieu-Gruppe 
Group( [ ( 1, 2, 3, 4, 5, 6, 7, 8, 9,10,11), ( 3, 7,11, 8)( 4,10, 5, 6) ] ) 7920 Mathieu-Gruppe 

Liste aller endlichen, einfachen, nicht-abelschen Gruppen bis Ordnung 10000: 
[ "A7", "A5", "PSL(3,2)", "PSL(2,8)", "A6", "PSL(2,11)", "PSL(2,13)", "PSL(2,16)", "PSL(2,17)", "PSL(2,19)", "PSL(2,23)", "PSL(2,25)", "PSL(2,27)", 
  "PSL(3,3)", "PSU(3,3)", "M11" ]

Minimale einfache Gruppen 
[ "A5", "PSL(3,2)", "PSL(2,8)", "PSL(2,13)", "PSL(2,17)", "PSL(2,23)", "PSL(2,27)", "PSL(3,3)" ]
